1	162	0.406	O2..
2	-162	0.406	O1..
3	180	0.406	Oz..
4	180	0.181	PZ..
5	145	0.275	P4..
6	120	0.219	CP4.
7	126	0.406	P8..
8	90	0.203	C4..
9	108	0.406	TP8.
10	90	0.406	T8..
11	-126	0.406	P7..
12	-145	0.275	P3..
13	-120    0.219	CP3.
14	95      0.51    M2..
15	0	0	CZ..
16	60	0.219	FC4.
17	72	0.406	FT8.
18	-108	0.406	TP7.
19	-90	0.203	C3..
20	-95     0.51    M1..
21	0	0.203	FZ..
22	35	0.275	F4..
23	54	0.406	F8..
24	-90	0.406	T7..
25	-72	0.406	FT7.
26	-60	0.219	FC3.
27	-35	0.275	F3..
28	18	0.406	FP2.
29	-54	0.406	F7..
30	-18	0.406	FP1.
31	-150	0.374	PO5.
32	-157	0.343	PO3.
33	-159	0.219	P1..
34	180	0.304	POZ.
35	159	0.219	P2..
36	157	0.343	PO4.
37	138	0.14	CP2.
38	134	0.343	P6..
39	150     0.374	PO6.
40	112	0.3	CP6.
41	90	0.304	C6..
42	144	0.406	PO8.
43	-144	0.406	PO7.
44	-134	0.343	P5..
45	-112	0.3	CP5.
46	-138	0.14	CP1.
47	-90	0.101	C1..
48	90	0.101	C2..
49	42	0.14	FC2.
50	68	0.3	FC6.
51	-90	0.304	C5..
52	-42	0.14	FC1.
53	21	0.219	F2..
54	46	0.363	F6..
55	-68	0.3	FC5.
56	-21	0.219	F1..
57	23	0.343	AF4.
58	36	0.406	AF8.
59	-46	0.363	F5..
60	-36	0.406	AF7.
61	-23	0.343	AF3.
62	0	0.406	FPz.



